# Pixels-to-Meters scaling taken from trajdata
bookstore_0: 0.038392063
bookstore_1: 0.039892913
bookstore_2: 0.04062433
bookstore_3: 0.039098596
bookstore_4: 0.0396
bookstore_5: 0.0396
bookstore_6: 0.0413
coupa_0: 0.027995674
coupa_1: 0.023224545
coupa_2: 0.024
coupa_3: 0.025524906
deathCircle_0: 0.04064
deathCircle_1: 0.039076923
deathCircle_2: 0.03948382
deathCircle_3: 0.028478209
deathCircle_4: 0.038980137
gates_0: 0.03976968
gates_1: 0.03770837
gates_2: 0.037272793
gates_3: 0.034515323
gates_4: 0.04412268
gates_5: 0.0342392
gates_6: 0.0342392
gates_7: 0.04540353
gates_8: 0.045191525
hyang_0: 0.034749693
hyang_1: 0.0453136
hyang_10: 0.054460944
hyang_11: 0.054992233
hyang_12: 0.054104065
hyang_13: 0.0541
hyang_14: 0.0541
hyang_2: 0.054992233
hyang_3: 0.056642
hyang_4: 0.034265612
hyang_5: 0.029655497
hyang_6: 0.052936449
hyang_7: 0.03540125
hyang_8: 0.034592381
hyang_9: 0.038031423
little_0: 0.028930169
little_1: 0.028543144
little_2: 0.028543144
little_3: 0.028638926
nexus_0: 0.043986494
nexus_1: 0.043316805
nexus_10: 0.043991753
nexus_11: 0.043766154
nexus_2: 0.042247434
nexus_3: 0.045883871
nexus_4: 0.045883871
nexus_5: 0.045395745
nexus_6: 0.037929168
nexus_7: 0.037106087
nexus_8: 0.037106087
nexus_9: 0.044917895
quad_0: 0.043606807
quad_1: 0.042530206
quad_2: 0.043338169
quad_3: 0.044396842
